# Independent NumPy float32 / OpenCV replicated-border reference, 37x29.
# Source RGB generated by the modular expressions in the Rust test.
# Airlight followed by row-major transmission. TopK ties use ascending pixel index.
0.541396081 0.551387727 0.572203219
0.900467098 0.839404821 0.782734871 0.73306942 0.690173686 0.6594069 0.646020055 0.632931828 0.742666483 0.721963882 0.700089037 0.677785575 0.654266298 0.631623864 0.608736873 0.652584374 0.808457136 0.782106042 0.760251403 0.739634216 0.720194638 0.702964246 0.707859159 0.694472313 0.732122958 0.715194881 0.695349097 0.679238915 0.666230381 0.678777158 0.673317194 0.665259242 0.743088007 0.72565192 0.700279534 0.668479621 0.637251258
0.860263228 0.805025041 0.75417161 0.710075736 0.672949135 0.647854209 0.637034357 0.624206603 0.730218649 0.710066557 0.688232958 0.664678395 0.64038378 0.676226377 0.657384276 0.637833834 0.787094653 0.763658047 0.776031554 0.754069507 0.732860208 0.713873148 0.697668135 0.685547888 0.7276057 0.70994097 0.689413726 0.674035847 0.687166631 0.67666173 0.669982553 0.659989893 0.732308269 0.713179111 0.685449958 0.653090775 0.622068763
0.823619187 0.774788022 0.730543375 0.692281187 0.660808146 0.64262104 0.632463634 0.617385268 0.720917642 0.699873328 0.676649153 0.652512193 0.685031533 0.664866924 0.646819234 0.664023936 0.803260028 0.779609442 0.758216381 0.737020433 0.716433048 0.698909104 0.68482697 0.673341393 0.725564897 0.706660509 0.717813432 0.6996907 0.685036778 0.676149547 0.66810441 0.65553534 0.723211348 0.7019642 0.671776354 0.640169561 0.648911119
0.788972557 0.746944189 0.710134625 0.678887248 0.65413779 0.641555429 0.629650176 0.607777178 0.714073122 0.689855278 0.717632651 0.695970356 0.707979202 0.688749552 0.672253847 0.652965546 0.78047663 0.759304345 0.739012897 0.718119025 0.697754622 0.682043135 0.670097828 0.658598781 0.722419024 0.734597027 0.715046704 0.698164344 0.684580266 0.675165534 0.665164173 0.729492724 0.714306176 0.720989168 0.694747567 0.663542747 0.636719108
0.75663048 0.721591592 0.69378376 0.671320558 0.653071642 0.64002049 0.624237239 0.730686426 0.738037467 0.763939321 0.73922348 0.717143953 0.696455956 0.680259705 0.663546562 0.777282953 0.759512007 0.739723563 0.7201159 0.699826896 0.68047899 0.6659199 0.654386163 0.771569133 0.752192736 0.730973423 0.711160898 0.695322573 0.681790411 0.671582341 0.678409755 0.744907439 0.730841577 0.708000422 0.679152191 0.649798095 0.627306819
0.725634515 0.701722324 0.682815135 0.666331291 0.650937378 0.663588703 0.647709131 0.812700748 0.779970348 0.75088197 0.727094054 0.70603019 0.687004983 0.672132909 0.656070113 0.758642435 0.741152227 0.72261858 0.703714848 0.684025168 0.665988326 0.69145447 0.676831245 0.765098274 0.745259583 0.723582745 0.729950249 0.711377144 0.69507575 0.683328629 0.672196031 0.738517463 0.72010684 0.693759978 0.663746715 0.634258986 0.65309453
0.703242898 0.711582601 0.697737932 0.686502993 0.674990058 0.700802386 0.687211156 0.788307011 0.762172461 0.736196458 0.716019869 0.695510209 0.677929878 0.663775444 0.648448169 0.742679238 0.725867152 0.708528578 0.690369189 0.671714962 0.695870578 0.679657578 0.664280057 0.783575892 0.764020264 0.742165506 0.721680284 0.702912033 0.68682766 0.674419999 0.662187636 0.731884003 0.709009051 0.677774549 0.697969854 0.6648404 0.635134459
0.704131901 0.694682479 0.688525438 0.682905614 0.699621797 0.693792045 0.68233043 0.766998887 0.746629536 0.724210858 0.705236316 0.685920596 0.670425117 0.656818628 0.641103148 0.729328036 0.713181555 0.696796834 0.71917367 0.728755951 0.711747408 0.695528626 0.67904371 0.771993637 0.752481043 0.731046259 0.710591912 0.690913439 0.674337983 0.660862982 0.646918595 0.72327137 0.695181847 0.714403987 0.680424929 0.643548727 0.609257996
0.686344028 0.683952212 0.6932652 0.69329381 0.694080353 0.690772533 0.680004478 0.74911195 0.733866572 0.715264857 0.696779251 0.679140627 0.664672613 0.650574028 0.734226406 0.718044758 0.726487875 0.748133898 0.732442021 0.716053486 0.700243235 0.684468091 0.775081575 0.758533835 0.739090323 0.717867017 0.696920753 0.676156521 0.658901691 0.644496918 0.735789001 0.758696377 0.731961727 0.696982801 0.657824516 0.616903961 0.579809606
0.675410569 0.679615259 0.684020698 0.687766552 0.69105643 0.68794173 0.745625377 0.737083554 0.723388195 0.706790388 0.690199077 0.674057722 0.659120977 0.667764008 0.750448823 0.770856142 0.753143907 0.736507475 0.720429063 0.704153597 0.689250886 0.674170256 0.76044631 0.743835688 0.724580526 0.703832388 0.682749033 0.661954105 0.643779695 0.62808001 0.77081567 0.747549534 0.715108216 0.67480588 0.686394453 0.643608868 0.603721678
0.665022254 0.670937657 0.678482294 0.683995306 0.687922835 0.684672654 0.736816525 0.727575779 0.714959145 0.720366955 0.706200719 0.691344798 0.676993728 0.662780821 0.778992772 0.760393679 0.741886854 0.725301981 0.709059834 0.693669856 0.679761291 0.665228486 0.745449245 0.729061723 0.710273981 0.690583229 0.669980049 0.649659514 0.675573707 0.657705426 0.759399116 0.771626353 0.742489159 0.705609679 0.663517475 0.618593335 0.575383365
0.660460055 0.666533768 0.675717592 0.682863235 0.68501389 0.67955929 0.743930817 0.735256195 0.724782109 0.712883353 0.700255156 0.687114656 0.704829454 0.691557407 0.765290856 0.748622715 0.73109591 0.715273976 0.699638784 0.685733855 0.672780931 0.658503175 0.73167634 0.71599555 0.698389947 0.679858506 0.701777816 0.711583078 0.693670154 0.674838185 0.778991878 0.755870819 0.723769963 0.68495965 0.640538871 0.592204571 0.545597672
0.658233523 0.665019691 0.66871345 0.680281281 0.685898721 0.683513641 0.737294495 0.728174269 0.718026042 0.707295716 0.719548404 0.709832549 0.699689925 0.687281966 0.752912939 0.738302946 0.722296894 0.707105994 0.69238019 0.679472625 0.666949749 0.733980596 0.720530868 0.705243528 0.711595476 0.731379449 0.715389252 0.699456275 0.682539046 0.781127453 0.763546109 0.738786101 0.705106199 0.665085971 0.619744897 0.570496202 0.521705747
0.654242516 0.65907079 0.667117298 0.676120341 0.676831007 0.739280462 0.731575847 0.722119689 0.711974502 0.723367572 0.713601351 0.705496371 0.696785331 0.75189817 0.741956353 0.729130149 0.714640081 0.699842453 0.685984492 0.673677325 0.679925621 0.745298326 0.73146373 0.748186231 0.734166801 0.719362319 0.703759015 0.689290822 0.673401833 0.765283167 0.747123122 0.721525908 0.687958717 0.648867369 0.604039311 0.553370833 0.500859082
0.652784348 0.655210912 0.660785258 0.666007042 0.663414478 0.736142993 0.725527465 0.739615619 0.72798568 0.717509508 0.708937645 0.70199579 0.693826616 0.743676543 0.73354286 0.720964551 0.707169116 0.712448895 0.698840559 0.686457574 0.673997462 0.737841189 0.753709197 0.73900491 0.72428602 0.709009349 0.694134116 0.680651248 0.665504932 0.749450862 0.731262326 0.706136584 0.674359024 0.636410594 0.592275739 0.54207325 0.589915454
0.647130966 0.647461236 0.652882278 0.65384984 0.646967709 0.730381191 0.748915076 0.734806955 0.722336948 0.711693525 0.703877926 0.69721669 0.689068854 0.736604869 0.7417714 0.730528653 0.718341827 0.705373466 0.692647219 0.680442452 0.695694268 0.760789335 0.746257067 0.73056829 0.715175509 0.699715436 0.686210215 0.67398262 0.65938884 0.734995604 0.71704036 0.692780554 0.662775636 0.627016842 0.585461497 0.679504633 0.640424013
0.642125845 0.641571522 0.644184709 0.638940811 0.664929807 0.760861695 0.743516088 0.728108883 0.715101063 0.704225004 0.710321486 0.702954352 0.69500035 0.744609296 0.73404634 0.722469985 0.710882783 0.69882679 0.686542869 0.70175904 0.688801527 0.754056931 0.738995969 0.72270447 0.707011044 0.691961467 0.679535568 0.66808331 0.736599624 0.723005474 0.705130816 0.682741761 0.690447628 0.720646679 0.69666785 0.667245746 0.828715324
0.638324499 0.635760128 0.632586956 0.657957494 0.770486593 0.752385437 0.734780371 0.742529631 0.726137102 0.711767018 0.701856256 0.693482816 0.748959124 0.737975538 0.726494193 0.714855731 0.703682423 0.716688633 0.706123471 0.694911242 0.760071397 0.746767461 0.731384337 0.714862287 0.699152291 0.685042262 0.673761606 0.663013458 0.747812092 0.734615982 0.71924448 0.739348292 0.723702431 0.705471992 0.688839674 0.667148292 0.804843009
0.634236097 0.654321492 0.654255033 0.671753228 0.791640759 0.770832419 0.750817358 0.732280254 0.715232968 0.700517058 0.690171361 0.68088007 0.744187236 0.731030464 0.718268991 0.731087923 0.719898701 0.708659053 0.698320985 0.68735528 0.752079427 0.738582909 0.722874045 0.706407785 0.691305637 0.697034657 0.686247289 0.675716102 0.740322649 0.726098597 0.742255807 0.727741778 0.713212013 0.700450063 0.688570797 0.670511246 0.786915302
0.671303451 0.665876806 0.667107821 0.658906996 0.776013315 0.756528258 0.737635374 0.71943891 0.701980233 0.687726259 0.677098215 0.666672766 0.737856269 0.722660184 0.73705709 0.723440647 0.711524844 0.70029664 0.689710319 0.678459823 0.743570924 0.750544846 0.735754192 0.719726503 0.703744829 0.690863252 0.680680633 0.669492841 0.763661981 0.749029517 0.73393774 0.720052063 0.70691061 0.697740912 0.687779069 0.671347022 0.772208095
0.663734853 0.661052465 0.659298658 0.64742893 0.758973718 0.740994513 0.723459601 0.705629408 0.687914729 0.674422443 0.66317451 0.650155544 0.766896725 0.747546554 0.728901625 0.714351237 0.701769352 0.689971089 0.697363615 0.68614924 0.754774094 0.741242945 0.725941658 0.710008919 0.695117295 0.683600187 0.673318028 0.689794779 0.757830381 0.742512405 0.72674644 0.712538362 0.699831009 0.693165243 0.684368312 0.771997273 0.760998905
0.657827973 0.655379891 0.649025679 0.634273112 0.741809845 0.725538552 0.708752334 0.690583587 0.673597813 0.659733534 0.646485865 0.78167212 0.759479225 0.737065732 0.717916071 0.725407302 0.710330069 0.697357953 0.684881926 0.75847882 0.745226264 0.730653048 0.714811444 0.699245095 0.685252786 0.703645945 0.691784918 0.765776813 0.750698745 0.734181225 0.717476904 0.702647567 0.690867484 0.686345577 0.679516554 0.762095869 0.772276461
0.650331438 0.645405829 0.634919763 0.738609493 0.725048065 0.709478021 0.692706883 0.674916327 0.65929538 0.683532238 0.668124735 0.805318415 0.779352009 0.753926218 0.732062697 0.713558137 0.697602868 0.68356514 0.669790387 0.749581039 0.734661579 0.719117045 0.702797294 0.686927199 0.705357075 0.691816568 0.678634226 0.756248355 0.739805639 0.721899509 0.70436728 0.689616442 0.680083334 0.69174844 0.68889457 0.771731138 0.763076663
0.641943276 0.63337642 0.619154036 0.72490716 0.709517837 0.693797171 0.675724566 0.657115877 0.707172036 0.692461491 0.675946414 0.788257539 0.763233483 0.738278806 0.718304932 0.699444354 0.683117747 0.668649495 0.653978646 0.739790916 0.723112941 0.70628047 0.72547245 0.707976222 0.691246927 0.676901758 0.662900686 0.742459536 0.724158168 0.732301652 0.713073134 0.694824457 0.681950867 0.680059254 0.677937269 0.760035574 0.77835989
0.633308291 0.620345235 0.601677418 0.710383058 0.721842945 0.702192307 0.727473855 0.706529856 0.68703115 0.670405209 0.653181493 0.768447697 0.745422542 0.72286278 0.703864515 0.68564868 0.669424832 0.654485762 0.638326764 0.729173481 0.75060451 0.730680525 0.711276591 0.691272259 0.672782183 0.658152759 0.667026877 0.751911402 0.733784735 0.712166369 0.691461146 0.672999442 0.663631678 0.662738979 0.662649453 0.776611865 0.767760277
0.62096715 0.631082237 0.611944437 0.726345539 0.755474925 0.732100248 0.707918406 0.68223381 0.660347044 0.643156946 0.62795341 0.747666895 0.727704227 0.708539426 0.690647721 0.673545241 0.656579971 0.64028281 0.737056851 0.760930479 0.738347352 0.714917362 0.724930882 0.700594902 0.67768532 0.659828603 0.750119448 0.733338356 0.710344315 0.684406996 0.662484169 0.646856546 0.63947022 0.672162354 0.770371199 0.763750732 0.757016659
0.633715808 0.614007711 0.733543813 0.765741527 0.740019143 0.711511791 0.681289911 0.650120854 0.626934171 0.611570179 0.747838438 0.72813803 0.711004615 0.695150793 0.6790483 0.662413001 0.644017398 0.669729292 0.771208107 0.781711459 0.757598996 0.732166767 0.705905199 0.677941084 0.652056754 0.632672906 0.732797503 0.710200131 0.681662738 0.655076742 0.635565758 0.623125494 0.651766539 0.647049069 0.75679338 0.750087976 0.747271359
0.617035925 0.646722555 0.776846468 0.750413239 0.719148457 0.684819818 0.650011241 0.615407944 0.593381643 0.580003262 0.727991402 0.709157467 0.696474314 0.683404326 0.6678949 0.65155983 0.704525352 0.686781287 0.791233778 0.768514693 0.740958512 0.712461948 0.682613313 0.651026726 0.623853981 0.6049968 0.711397946 0.684217215 0.65316838 0.630093813 0.655421197 0.635778546 0.627404988 0.621870279 0.7422809 0.738275528 0.741228223
0.652583838 0.62911272 0.76105696 0.731197059 0.695392847 0.657885432 0.620223463 0.585491657 0.565058947 0.553500891 0.708679914 0.693041384 0.708796561 0.697550297 0.724217713 0.709272742 0.692686975 0.674438894 0.777529418 0.752747715 0.721941054 0.691150963 0.659479856 0.627035439 0.601029575 0.584606409 0.690719128 0.662162185 0.631567001 0.657471359 0.636301696 0.617270947 0.607810795 0.60379529 0.752182722 0.742990971 0.742905319
